' 180 degree bend  with bump and extension'
   201    50
 -10.00000   0.00000 -14.00000   0.00000
  -9.99848   0.17452 -13.99787   0.24433
  -9.99391   0.34899 -13.99147   0.48859
  -9.98630   0.52336 -13.98081   0.73270
  -9.97564   0.69756 -13.96590   0.97659
  -9.96195   0.87156 -13.94673   1.22018
  -9.94522   1.04528 -13.92331   1.46340
  -9.92546   1.21869 -13.89565   1.70617
  -9.90268   1.39173 -13.86375   1.94842
  -9.87688   1.56434 -13.82764   2.19008
  -9.84808   1.73648 -13.78731   2.43107
  -9.81627   1.90809 -13.74278   2.67133
  -9.78148   2.07912 -13.69407   2.91076
  -9.74370   2.24951 -13.64118   3.14931
  -9.70296   2.41922 -13.58414   3.38691
  -9.65926   2.58819 -13.52296   3.62347
  -9.61262   2.75637 -13.45766   3.85892
  -9.56305   2.92372 -13.38827   4.09320
  -9.51056   3.09017 -13.31479   4.32624
  -9.45519   3.25568 -13.23726   4.55795
  -9.39693   3.42020 -13.15570   4.78828
  -9.33580   3.58368 -13.07013   5.01715
  -9.27184   3.74607 -12.98057   5.24449
  -9.20505   3.90731 -12.88707   5.47024
  -9.13545   4.06737 -12.78964   5.69431
  -9.06308   4.22618 -12.68831   5.91666
  -8.98794   4.38371 -12.58312   6.13720
  -8.91007   4.53991 -12.47409   6.35587
  -8.82948   4.69472 -12.36127   6.57260
  -8.74620   4.84810 -12.24468   6.78733
  -8.66025   5.00000 -12.12436   7.00000
  -8.57167   5.15038 -12.00034   7.21053
  -8.48048   5.29919 -11.87267   7.41887
  -8.38671   5.44639 -11.74139   7.62495
  -8.29038   5.59193 -11.60653   7.82870
  -8.19152   5.73576 -11.46813   8.03007
  -8.09017   5.87785 -11.32624   8.22899
  -7.98636   6.01815 -11.18090   8.42541
  -7.88011   6.15661 -11.03215   8.61926
  -7.77146   6.29320 -10.88004   8.81049
  -7.68450   6.44806 -10.72462   8.99903
  -7.59443   6.60174 -10.56593   9.18483
  -7.50120   6.75411 -10.40403   9.36783
  -7.40477   6.90506 -10.23895   9.54798
  -7.30511   7.05446 -10.07076   9.72522
  -7.20217   7.20217  -9.89950   9.89950
  -7.09595   7.34807  -9.72522  10.07076
  -6.98642   7.49202  -9.54798  10.23895
  -6.87357   7.63388  -9.36783  10.40403
  -6.75741   7.77351  -9.18483  10.56593
  -6.63793   7.91077  -8.99903  10.72462
  -6.51515   8.04554  -8.81049  10.88004
  -6.38908   8.17765  -8.61926  11.03215
  -6.25977   8.30699  -8.42541  11.18090
  -6.12723   8.43341  -8.22899  11.32624
  -5.99151   8.55677  -8.03007  11.46813
  -5.85267   8.67695  -7.82870  11.60653
  -5.71076   8.79380  -7.62495  11.74139
  -5.56585   8.90722  -7.41887  11.87267
  -5.41800   9.01707  -7.21053  12.00034
  -5.26730   9.12323  -7.00000  12.12436
  -5.11383   9.22560  -6.78733  12.24468
  -4.95769   9.32406  -6.57260  12.36127
  -4.79897   9.41850  -6.35587  12.47409
  -4.63777   9.50884  -6.13720  12.58312
  -4.47421   9.59498  -5.91666  12.68831
  -4.30840   9.67683  -5.69431  12.78964
  -4.14047   9.75433  -5.47024  12.88707
  -3.97052   9.82739  -5.24449  12.98057
  -3.79870   9.89595  -5.01715  13.07013
  -3.62513   9.95997  -4.78828  13.15570
  -3.44995  10.01939  -4.55795  13.23726
  -3.27330  10.07417  -4.32624  13.31479
  -3.09531  10.12429  -4.09320  13.38827
  -2.91612  10.16972  -3.85892  13.45766
  -2.73588  10.21045  -3.62347  13.52296
  -2.55473  10.24647  -3.38691  13.58414
  -2.37281  10.27778  -3.14931  13.64118
  -2.19027  10.30440  -2.91076  13.69407
  -2.00724  10.32634  -2.67133  13.74278
  -1.82386  10.34364  -2.43108  13.78731
  -1.64028  10.35632  -2.19008  13.82764
  -1.45663  10.36443  -1.94842  13.86375
  -1.27303  10.36803  -1.70617  13.89565
  -1.08963  10.36716  -1.46340  13.92331
  -0.90655  10.36190  -1.22018  13.94673
  -0.72390  10.35231  -0.97659  13.96590
  -0.54182  10.33848  -0.73270  13.98081
  -0.36040  10.32049  -0.48859  13.99147
  -0.17976  10.29843  -0.24433  13.99787
   0.00000  10.27240   0.00000  14.00000
   0.17878  10.24248   0.24433  13.99787
   0.35650  10.20880   0.48859  13.99147
   0.53306  10.17145   0.73270  13.98081
   0.70840  10.13056   0.97659  13.96590
   0.88243  10.08622   1.22018  13.94673
   1.05510  10.03857   1.46340  13.92331
   1.22634   9.98771   1.70617  13.89565
   1.39610   9.93378   1.94842  13.86375
   1.56434   9.87688   2.19008  13.82764
   1.73648   9.84808   2.43107  13.78731
   1.90809   9.81627   2.67133  13.74278
   2.07912   9.78148   2.91076  13.69407
   2.24951   9.74370   3.14931  13.64118
   2.41922   9.70296   3.38691  13.58414
   2.58819   9.65926   3.62347  13.52296
   2.75637   9.61262   3.85892  13.45766
   2.92372   9.56305   4.09320  13.38827
   3.09017   9.51057   4.32624  13.31479
   3.25568   9.45519   4.55795  13.23726
   3.42020   9.39693   4.78828  13.15570
   3.58368   9.33581   5.01715  13.07013
   3.74607   9.27184   5.24449  12.98057
   3.90731   9.20505   5.47024  12.88707
   4.06737   9.13546   5.69431  12.78964
   4.22618   9.06308   5.91666  12.68831
   4.38371   8.98794   6.13720  12.58312
   4.53990   8.91007   6.35587  12.47409
   4.69472   8.82948   6.57260  12.36127
   4.84810   8.74620   6.78733  12.24468
   5.00000   8.66026   7.00000  12.12436
   5.15038   8.57167   7.21053  12.00034
   5.29919   8.48048   7.41887  11.87267
   5.44639   8.38671   7.62495  11.74139
   5.59193   8.29038   7.82870  11.60653
   5.73577   8.19152   8.03007  11.46813
   5.87785   8.09017   8.22899  11.32624
   6.01815   7.98636   8.42541  11.18090
   6.15662   7.88011   8.61926  11.03215
   6.29320   7.77146   8.81048  10.88004
   6.42788   7.66045   8.99903  10.72462
   6.56059   7.54710   9.18483  10.56594
   6.69131   7.43145   9.36783  10.40403
   6.81998   7.31354   9.54798  10.23895
   6.94658   7.19340   9.72522  10.07076
   7.07107   7.07107   9.89950   9.89950
   7.19340   6.94659  10.07076   9.72522
   7.31354   6.81998  10.23895   9.54798
   7.43145   6.69131  10.40403   9.36783
   7.54710   6.56059  10.56594   9.18483
   7.66045   6.42788  10.72462   8.99903
   7.77146   6.29321  10.88004   8.81049
   7.88011   6.15662  11.03215   8.61926
   7.98636   6.01815  11.18090   8.42541
   8.09017   5.87785  11.32624   8.22899
   8.19152   5.73577  11.46813   8.03007
   8.29038   5.59193  11.60653   7.82870
   8.38671   5.44639  11.74139   7.62495
   8.48048   5.29919  11.87267   7.41887
   8.57167   5.15038  12.00034   7.21053
   8.66026   5.00000  12.12436   7.00000
   8.74620   4.84810  12.24468   6.78733
   8.82948   4.69472  12.36127   6.57260
   8.91007   4.53991  12.47409   6.35587
   8.98794   4.38371  12.58312   6.13720
   9.06308   4.22618  12.68831   5.91666
   9.13546   4.06737  12.78964   5.69431
   9.20505   3.90731  12.88707   5.47024
   9.27184   3.74607  12.98057   5.24449
   9.33581   3.58368  13.07013   5.01715
   9.39693   3.42020  13.15570   4.78828
   9.45519   3.25568  13.23726   4.55795
   9.51057   3.09017  13.31479   4.32624
   9.56305   2.92372  13.38827   4.09321
   9.61262   2.75637  13.45766   3.85892
   9.65926   2.58819  13.52296   3.62347
   9.70296   2.41922  13.58414   3.38691
   9.74370   2.24951  13.64118   3.14932
   9.78148   2.07912  13.69407   2.91076
   9.81627   1.90809  13.74278   2.67133
   9.84808   1.73648  13.78731   2.43108
   9.87689   1.56434  13.82764   2.19008
   9.90268   1.39173  13.86375   1.94842
   9.92546   1.21869  13.89565   1.70617
   9.94522   1.04529  13.92331   1.46340
   9.96195   0.87156  13.94673   1.22018
   9.97564   0.69756  13.96590   0.97659
   9.98630   0.52336  13.98081   0.73270
   9.99391   0.34899  13.99147   0.48859
   9.99848   0.17452  13.99787   0.24433
  10.00000   0.00000  14.00000   0.00000
  10.00183  -0.20943  14.00183  -0.20943
  10.00384  -0.43981  14.00384  -0.43981
  10.00605  -0.69322  14.00605  -0.69322
  10.00848  -0.97197  14.00848  -0.97197
  10.01116  -1.27860  14.01116  -1.27860
  10.01410  -1.61589  14.01410  -1.61589
  10.01734  -1.98690  14.01734  -1.98690
  10.02090  -2.39503  14.02090  -2.39503
  10.02482  -2.84396  14.02482  -2.84396
  10.02913  -3.33779  14.02913  -3.33779
  10.03387  -3.88099  14.03387  -3.88099
  10.03909  -4.47852  14.03908  -4.47852
  10.04482  -5.13581  14.04482  -5.13581
  10.05113  -5.85882  14.05113  -5.85882
  10.05807  -6.65413  14.05807  -6.65413
  10.06571  -7.52897  14.06571  -7.52897
  10.07411  -8.49130  14.07410  -8.49130
  10.08334  -9.54986  14.08334  -9.54986
  10.09351 -10.71428  14.09350 -10.71428
  10.10468 -11.99514  14.10468 -11.99514
