 'supersonic wedge with M1 = 1.6 '
   100   40
 -2.000000  0.000000 -2.000000  2.500000
 -1.894737  0.000000 -1.894737  2.500000
 -1.789474  0.000000 -1.789474  2.500000
 -1.684211  0.000000 -1.684211  2.500000
 -1.578947  0.000000 -1.578947  2.500000
 -1.473684  0.000000 -1.473684  2.500000
 -1.368421  0.000000 -1.368421  2.500000
 -1.263158  0.000000 -1.263158  2.500000
 -1.157895  0.000000 -1.157895  2.500000
 -1.052632  0.000000 -1.052632  2.500000
 -0.947368  0.000000 -0.947368  2.500000
 -0.842105  0.000000 -0.842105  2.500000
 -0.736842  0.000000 -0.736842  2.500000
 -0.631579  0.000000 -0.631579  2.500000
 -0.526316  0.000000 -0.526316  2.500000
 -0.421053  0.000000 -0.421053  2.500000
 -0.315789  0.000000 -0.315789  2.500000
 -0.210526  0.000000 -0.210526  2.500000
 -0.105263  0.000000 -0.105263  2.500000
  0.000000  0.000000  0.000000  2.500000
  0.086939  0.008719  0.086939  2.500000
  0.173878  0.017437  0.173878  2.500000
  0.260817  0.026156  0.260817  2.500000
  0.347756  0.034874  0.347756  2.500000
  0.434694  0.043593  0.434694  2.500000
  0.521633  0.052311  0.521633  2.500000
  0.608572  0.061030  0.608572  2.500000
  0.695511  0.069749  0.695511  2.500000
  0.782450  0.078467  0.782450  2.500000
  0.869389  0.087186  0.869389  2.500000
  0.956328  0.095904  0.956328  2.500000
  1.043267  0.104623  1.043267  2.500000
  1.130205  0.113341  1.130205  2.500000
  1.217144  0.122060  1.217144  2.500000
  1.304083  0.130778  1.304083  2.500000
  1.391022  0.139497  1.391022  2.500000
  1.477961  0.148216  1.477961  2.500000
  1.564900  0.156934  1.564900  2.500000
  1.651839  0.165653  1.651839  2.500000
  1.738778  0.174371  1.738778  2.500000
  1.825716  0.183090  1.825716  2.500000
  1.912655  0.191808  1.912655  2.500000
  1.999594  0.200527  1.999594  2.500000
  2.086533  0.209246  2.086533  2.500000
  2.173472  0.217964  2.173472  2.500000
  2.260411  0.226683  2.260411  2.500000
  2.347350  0.235401  2.347350  2.500000
  2.434289  0.244120  2.434289  2.500000
  2.521227  0.252838  2.521227  2.500000
  2.608166  0.261557  2.608166  2.500000
  2.695105  0.270276  2.695105  2.500000
  2.782044  0.278994  2.782044  2.500000
  2.868983  0.287713  2.868983  2.500000
  2.955922  0.296431  2.955922  2.500000
  3.042861  0.305150  3.042861  2.500000
  3.129800  0.313868  3.129800  2.500000
  3.216738  0.322587  3.216738  2.500000
  3.303677  0.331306  3.303677  2.500000
  3.390616  0.340024  3.390616  2.500000
  3.477555  0.348743  3.477555  2.500000
  3.564494  0.357461  3.564494  2.500000
  3.651433  0.366180  3.651433  2.500000
  3.738372  0.374898  3.738372  2.500000
  3.825311  0.383617  3.825311  2.500000
  3.912250  0.392335  3.912250  2.500000
  3.999188  0.401054  3.999188  2.500000
  4.086127  0.409773  4.086127  2.500000
  4.173066  0.418491  4.173066  2.500000
  4.260005  0.427210  4.260005  2.500000
  4.346944  0.435928  4.346944  2.500000
  4.433883  0.435930  4.433883  2.500000
  4.520822  0.435930  4.520822  2.500000
  4.607760  0.435930  4.607760  2.500000
  4.694699  0.435930  4.694699  2.500000
  4.781638  0.435930  4.781638  2.500000
  4.868577  0.435930  4.868577  2.500000
  4.955516  0.435930  4.955516  2.500000
  5.042455  0.435930  5.042455  2.500000
  5.129394  0.435930  5.129394  2.500000
  5.216332  0.435930  5.216332  2.500000
  5.303271  0.435930  5.303271  2.500000
  5.390210  0.435930  5.390210  2.500000
  5.477149  0.435930  5.477149  2.500000
  5.564088  0.435930  5.564088  2.500000
  5.651027  0.435930  5.651027  2.500000
  5.737966  0.435930  5.737966  2.500000
  5.824905  0.435930  5.824905  2.500000
  5.911844  0.435930  5.911844  2.500000
  5.998783  0.435930  5.998783  2.500000
  6.085721  0.435930  6.085721  2.500000
  6.172660  0.435930  6.172660  2.500000
  6.259599  0.435930  6.259599  2.500000
  6.346538  0.435930  6.346538  2.500000
  6.433477  0.435930  6.433477  2.500000
  6.520416  0.435930  6.520416  2.500000
  6.607355  0.435930  6.607355  2.500000
  6.694293  0.435930  6.694293  2.500000
  6.781232  0.435930  6.781232  2.500000
  6.868171  0.435930  6.868171  2.500000
  6.955110  0.435930  6.955110  2.500000
