'Nozzle'
    60    20
   0.00000   0.00000   0.00000   3.00000
   0.16949   0.00000   0.16949   3.00000
   0.33898   0.00000   0.33898   3.00000
   0.50847   0.00000   0.50847   3.00000
   0.67797   0.00000   0.67797   3.00000
   0.84746   0.00000   0.84746   3.00000
   1.01695   0.00000   1.01695   3.00000
   1.18644   0.00000   1.18644   3.00000
   1.35593   0.00000   1.35593   3.00000
   1.52542   0.00000   1.52542   3.00000
   1.69492   0.00000   1.69492   3.00000
   1.86441   0.00000   1.86441   3.00000
   2.03390   0.00000   2.03390   3.00000
   2.20339   0.00000   2.20339   3.00000
   2.37288   0.00000   2.37288   3.00000
   2.54237   0.00000   2.54237   3.00000
   2.71186   0.00000   2.71186   3.00000
   2.88136   0.00000   2.88136   3.00000
   3.05085   0.00080   3.05085   3.00000
   3.22034   0.01482   3.22034   3.00000
   3.38983   0.04542   3.38983   3.00000
   3.55932   0.09044   3.55932   3.00000
   3.72881   0.14670   3.72881   3.00000
   3.89831   0.21023   3.89831   3.00000
   4.06780   0.27657   4.06780   3.00000
   4.23729   0.34104   4.23729   3.00000
   4.40678   0.39909   4.40678   3.00000
   4.57627   0.44664   4.57627   3.00000
   4.74576   0.48033   4.74576   3.00000
   4.91525   0.49779   4.91525   3.00000
   5.08475   0.49779   5.08475   3.00000
   5.25424   0.48033   5.25424   3.00000
   5.42373   0.44664   5.42373   3.00000
   5.59322   0.39909   5.59322   3.00000
   5.76271   0.34104   5.76271   3.00000
   5.93220   0.27657   5.93220   3.00000
   6.10170   0.21023   6.10170   3.00000
   6.27119   0.14670   6.27119   3.00000
   6.44068   0.09044   6.44068   3.00000
   6.61017   0.04542   6.61017   3.00000
   6.77966   0.01482   6.77966   3.00000
   6.94915   0.00080   6.94915   3.00000
   7.11864   0.00000   7.11864   3.00000
   7.28814   0.00000   7.28814   3.00000
   7.45763   0.00000   7.45763   3.00000
   7.62712   0.00000   7.62712   3.00000
   7.79661   0.00000   7.79661   3.00000
   7.96610   0.00000   7.96610   3.00000
   8.13559   0.00000   8.13559   3.00000
   8.30509   0.00000   8.30509   3.00000
   8.47458   0.00000   8.47458   3.00000
   8.64407   0.00000   8.64407   3.00000
   8.81356   0.00000   8.81356   3.00000
   8.98305   0.00000   8.98305   3.00000
   9.15254   0.00000   9.15254   3.00000
   9.32203   0.00000   9.32203   3.00000
   9.49153   0.00000   9.49153   3.00000
   9.66102   0.00000   9.66102   3.00000
   9.83051   0.00000   9.83051   3.00000
  10.00000   0.00000  10.00000   3.00000
